.Random.seed <-
c(403L, 10L, -1585366836L, 1242073487L, 1515716037L, -1329061508L, 
-726044206L, 1751534925L, 2023305223L, 1822449646L, 380970696L, 
-412984885L, 45534249L, -736142728L, -1209858138L, 1255018945L, 
-581630381L, 513871106L, 113769524L, 856972727L, -541838931L, 
-834022716L, 1096517354L, -1325176491L, -42139921L, -1426146058L, 
1635576864L, 376253923L, -395587967L, -552081168L, -1942788210L, 
1959352569L, 250249867L, 1319961274L, -1396150852L, -802253057L, 
507271765L, -1769628308L, -155085374L, -720038371L, 1192332951L, 
1853163518L, 1256788920L, 2107183003L, -125184519L, 776066376L, 
-521887626L, -89567823L, 1420620771L, 188133554L, -2061558524L, 
-80609721L, 791939357L, 1753974676L, 1740622650L, -1863346299L, 
736773215L, -89354522L, 1697756528L, 1977450131L, 806258481L, 
-1419379232L, -1262982530L, -1877018359L, 98802491L, -605244662L, 
-339272980L, -755148945L, -1015211867L, 1561580124L, -1057283534L, 
1700038957L, 1692323815L, 1956214542L, 1758161128L, -432391445L, 
1041388425L, -898945256L, -120696250L, 1538118305L, -62794445L, 
-1787876190L, 174375828L, 1220696599L, -1397121523L, 1476311844L, 
1491478282L, 366832245L, 365566415L, -1525292330L, -328317312L, 
1804126403L, 1107600993L, -1530364208L, 1317742638L, 643243481L, 
1326793195L, -839302054L, 1866448412L, -1904144609L, 1854890869L, 
1720404492L, -1269216286L, 68581565L, 1608902455L, -664047650L, 
-390177512L, 659648635L, -1456708071L, -403845464L, 2132278358L, 
-705210159L, 786334851L, 1509697298L, 304235172L, -1696854425L, 
-297435203L, 1357246772L, -1986006374L, -1272745755L, 888353407L, 
616954886L, -525299824L, 2086072883L, 1236380113L, -630359168L, 
2050504286L, -548049495L, -1023296421L, -645094294L, -1944593140L, 
-114901169L, 630045701L, -1740938564L, 867349394L, -502796147L, 
-1439971641L, -154071122L, 544717320L, -2058682869L, -1078872343L, 
-57257544L, -275124634L, -276206847L, -1276101229L, -714156478L, 
-1560000012L, 1745204215L, -1874606099L, -1957060476L, 1660466858L, 
-14849003L, -2124718929L, 1374982838L, 1033785568L, 962386979L, 
-1922571455L, -857280976L, -1094988722L, -101497671L, -113884981L, 
-205968006L, -2094501764L, 1973900479L, -1823661675L, 1916971436L, 
1702984578L, 702300509L, 977207383L, 525326142L, 1636736888L, 
1508324443L, 908968889L, -2041609720L, -1094309706L, -129495055L, 
1891383843L, -96718222L, -70539068L, -1127989625L, 300480093L, 
-1119545260L, -413341062L, 2066731461L, 1947042591L, 1737830054L, 
147865648L, 1664705235L, 1453431025L, -1874287584L, -1092001090L, 
-97696055L, -680754053L, -1970619830L, 1234271916L, -1172129361L, 
560763237L, -1312211172L, 958079858L, -953147411L, 681332775L, 
1847052366L, -491787096L, 1681785515L, 851281865L, -280003624L, 
-1522840954L, 1888480097L, 764276467L, -7261854L, -168874028L, 
738982615L, -1750236979L, 827258980L, 802543178L, 318727093L, 
168099599L, -500728810L, 1332332224L, 431366275L, -1227088735L, 
-211471728L, -2120896146L, -1753469159L, -707533909L, 805163418L, 
-534583972L, -887022497L, 1089905717L, -1822065836L, -925834776L, 
1671469050L, 201643728L, -1443306196L, -964835084L, 837240722L, 
-934953888L, 1630371084L, 1661241056L, 530931042L, 1430307496L, 
-452961716L, -1710770308L, -1452184782L, -810336656L, 1600077124L, 
-1467384872L, -560656262L, 794191408L, 411798204L, 1620830036L, 
-789652926L, 2103913376L, 297060540L, -774331952L, -555383454L, 
867111912L, -234997812L, -1753254148L, 1501188082L, -780592000L, 
-1900586764L, 66876552L, 127100218L, 963658576L, -524858260L, 
334856340L, 2050890066L, -1226096928L, 1051046092L, -846301024L, 
-1409812094L, -2020624152L, -451217172L, 1818703932L, 1798258802L, 
-770168720L, -1280703964L, 1116193336L, 493832730L, -1996476208L, 
139769404L, 404049044L, 1904350338L, 556058560L, 1656941884L, 
-42967408L, 717370402L, 1014697992L, -1285317492L, 1689731100L, 
81593490L, 235826304L, -982457324L, 1270096680L, -1824279494L, 
-645387056L, -1195879316L, -851790156L, 930283538L, -937279520L, 
606251980L, 1175231968L, 1808862242L, 731501864L, -1712981748L, 
-1336832452L, -702364430L, 110794992L, 536975172L, -58093480L, 
-898932166L, -2029008656L, 1980916412L, -905328108L, 773557442L, 
476993120L, -70048388L, -1237801776L, 168760354L, 1181673640L, 
127524236L, -1894366788L, 1474807858L, 31494976L, 1204100788L, 
1007325512L, 1098830522L, -471720176L, -326491924L, -707479468L, 
501270290L, 1099055520L, -521803828L, -358834336L, -293385022L, 
162008616L, 385919404L, 754475836L, 2106590066L, -1169191120L, 
859250724L, 896851512L, -1382993190L, -272992368L, -1853254404L, 
2124606868L, 1026212674L, -607254016L, -1029519300L, -1733467568L, 
1554440354L, 1488347976L, 170293772L, 405314268L, -482791342L, 
2028571776L, -1801140396L, 439656424L, 345633530L, 1702291280L, 
2011169836L, 1514178932L, -378909038L, 409125472L, 66662540L, 
485740896L, -860079902L, 92449960L, -1678461236L, 1463515644L, 
-316527694L, 588907504L, -1640693308L, -128172712L, -991366790L, 
656830896L, 545614268L, 1679826516L, -1009370686L, -701373664L, 
591418300L, -519819184L, -203645982L, 1812774760L, -1089325236L, 
287633148L, -408230158L, 883596544L, -127591308L, -80998904L, 
-490756678L, -11328048L, 963389420L, -454661228L, 1649412306L, 
-1164250016L, 1893772620L, -15641824L, 830950018L, 176542184L, 
-887120916L, 25857596L, 1204127346L, 1953000304L, -1393644252L, 
169777720L, 1531658650L, 1769729488L, -1140177476L, -1724207468L, 
1576694402L, -621548096L, 886888252L, -352501104L, 828745506L, 
108512776L, -1500814580L, 560370588L, -1228514286L, 1756867456L, 
1302653716L, 1309750568L, 1471463482L, 276329424L, 601127532L, 
110513204L, 537260178L, -402876064L, -1740022452L, -291523104L, 
703568802L, 517667752L, -684512116L, -1972018244L, 542938226L, 
148973552L, -2001488828L, -2019710888L, -358330310L, -1725323152L, 
169414204L, -1886746860L, 2190018L, 632197856L, 316916860L, -1394791216L, 
-1373535326L, 692321832L, -446181108L, 187348924L, -1455636174L, 
-466872128L, -1124765132L, 815082184L, 719786682L, 124696584L, 
-2064364506L, -1096252205L, 751404597L, 1922710930L, -1197883040L, 
-767305527L, -510264325L, -1356661812L, 1738667610L, -1992074417L, 
1294307865L, 1122201646L, -297550276L, 675967917L, -1499808681L, 
-1839744608L, -746249474L, 84799947L, 477378509L, -2094941446L, 
2111414584L, 469207777L, 1012186515L, -1549883980L, -2115902L, 
1225152215L, 2052757281L, 1590955750L, -203421724L, -1645136107L, 
-896291009L, 778980056L, 1457860342L, -671610621L, 1298553413L, 
1471339106L, 1638382032L, -1858935047L, -501599189L, -353242212L, 
-1831687222L, 361030847L, -1806793207L, 1556320030L, 438335180L, 
-1758751075L, -531176665L, 1046580560L, 1220998126L, -202031973L, 
-201713923L, -986587670L, 1395928712L, -715630543L, 1410785955L, 
-1313166684L, -314803374L, -1553100121L, 338882289L, 1850211894L, 
340681428L, -1663519131L, 211887215L, 1249435304L, 611154950L, 
1885309235L, -2097687147L, 1608055282L, -316148160L, -623454295L, 
-324904421L, -657427476L, 265688058L, -1181966289L, 1776848953L, 
2057986638L, -2088508772L, 344942605L, 1734292599L, -123984768L, 
-467733794L, 279142827L, -1162421587L, -1973043430L, -417685544L, 
-558879679L, 866851571L, 1890540820L, -2007684958L, -917838409L, 
991328641L, -192594042L, -2109280828L, -532984587L, 2068571487L, 
-123631688L, 278538902L, -1657219933L, -705368475L, 429251458L, 
-588932880L, -11861863L, 1204295819L, 1356251516L, -883540054L, 
1304231903L, 1688825193L, -1318071938L, 2141782380L, -656311875L, 
-594171257L, -1133580688L, 1951282446L, 1372559931L, -221159139L, 
1576145866L, 27708648L, -379818031L, -898170429L, 958409412L, 
-642111118L, -1674070969L, 1840994321L, -1310998122L, 1664783604L, 
2086985349L, 1052948431L, 274527944L, 1801449318L, -169929325L, 
1301407477L, -1822554414L, 2117685536L, 226525449L, 1450714683L, 
-678560884L, 1177213466L, 90827407L, 1686058457L, 1890818670L, 
638274044L, 1915546477L, 901920023L, 1005125856L, -1928595778L, 
628012171L, 624575245L, -1469521094L, 385866616L, 96381217L, 
